================================
no resampling
================================
         T=0.5 (%)  T=1.0 (%)
3              0.0        0.0
4              0.0  11.111111
5        71.830986  95.305164
6        63.942308  94.711538
7             12.5      63.75
8              0.0        0.0
Overall  56.060606  85.795455
   3  4    5    6   7  8
3  0  0    1    2   0  0
4  0  0   11    7   0  0
5  0  0  153   60   0  0
6  0  0   72  133   3  0
7  0  0    8   62  10  0
8  0  0    0    6   0  0
================================
Minority resampling
================================
Counter({5: 468, 6: 430, 7: 119, 4: 35, 8: 12, 3: 7})
Counter({5: 468, 8: 468, 3: 468, 6: 430, 7: 119, 4: 35})
         T=0.5 (%)  T=1.0 (%)
3        33.333333  33.333333
4        27.777778  38.888889
5         67.13615  85.446009
6             37.5  63.942308
7             32.5       57.5
8        33.333333       50.0
Overall  48.295455  70.454545
    2   3   4    5   6   7   8   9   10
2    0   0   0    0   0   0   0   0   0
3    0   1   0    0   2   0   0   0   0
4    0   2   5    5   6   0   0   0   0
5    0   2  19  143  39   9   1   0   0
6    0   1  13   67  78  33  13   2   1
7    1   0   1   12  17  26  19   4   0
8    0   0   0    0   2   2   2   0   0
9    0   0   0    0   0   0   0   0   0
10   0   0   0    0   0   0   0   0   0
================================
Median sampling
================================
Counter({5: 468, 6: 430, 7: 119, 4: 35, 8: 12, 3: 7})
Counter({5: 468, 6: 430, 7: 119, 8: 77, 3: 77, 4: 35})
         T=0.5 (%)  T=1.0 (%)
3              0.0        0.0
4              0.0  33.333333
5        74.178404  94.835681
6        53.365385  90.384615
7             37.5       72.5
8              0.0  16.666667
Overall  56.628788  86.174242
   3  4    5    6   7  8
3  0  0    1    2   0  0
4  0  0   12    6   0  0
5  0  1  158   52   2  0
6  0  1   79  111  17  0
7  0  0    9   41  30  0
8  0  0    0    4   2  0
================================
All but majority
================================
Counter({5: 468, 6: 430, 7: 119, 4: 35, 8: 12, 3: 7})Counter({6: 468, 5: 468, 7: 468, 4: 468, 8: 468, 3: 468})
         T=0.5 (%)  T=1.0 (%)
3        33.333333  33.333333
4        38.888889  55.555556
5        61.971831  86.384977
6        35.096154  66.826923
7            41.25      66.25
8        33.333333       50.0
Overall  46.969697  73.863636
   2  3   4    5   6   7   8  9
2  0  0   0    0   0   0   0  0
3  0  1   0    1   1   0   0  0
4  0  1   7    7   2   1   0  0
5  0  2  36  132  35   8   0  0
6  0  0  18   79  73  32   4  2
7  1  0   1    8  21  33  13  3
8  0  0   0    0   2   2   2  0
9  0  0   0    0   0   0   0  0