================================
no resampling
================================
         T=0.5 (%)  T=1.0 (%)
3              0.0        0.0
4        11.111111  12.962963
5        36.174636  90.644491
6        90.082645  98.898072
7         38.62069  62.758621
8        32.758621  36.206897
9              0.0        0.0
Overall  59.678417  84.353741
   3  4    5    6    7   8  9
3  0  0    0    6    0   0  0
4  0  6    3   44    1   0  0
5  0  2  174  297    8   0  0
6  0  1   40  654   30   1  0
7  0  0   10  168  112   0  0
8  0  0    0   28   11  19  0
9  0  0    0    2    0   0  0
================================
Minority resampling
================================
Counter({6: 1472, 5: 976, 7: 590, 8: 117, 4: 109, 3: 14, 9: 3})
Counter({6: 1472, 3: 1455, 9: 1455, 5: 976, 7: 590, 8: 117, 4: 109})
         T=0.5 (%)  T=1.0 (%)
3              0.0        0.0
4        12.962963  18.518519
5        61.954262  92.723493
6        69.146006  97.245179
7        37.586207  52.068966
8        32.758621  36.206897
9              0.0        0.0
Overall  57.823129  82.498454
   3  4    5    6    7   8  9
3  0  0    5    1    0   0  0
4  1  7   23   22    1   0  0
5  1  9  298  167    5   1  0
6  0  2  186  502   28   7  1
7  0  0   36  140  109   5  0
8  0  0    3   25   11  19  0
9  0  0    1    1    0   0  0
================================
Median sampling
================================
Counter({6: 1472, 5: 976, 7: 590, 8: 117, 4: 109, 3: 14, 9: 3})
Counter({6: 1472, 5: 976, 7: 590, 8: 117, 3: 117, 9: 117, 4: 109})
         T=0.5 (%)  T=1.0 (%)
3              0.0        0.0
4        12.962963  14.814815
5        38.253638  91.268191
6        86.639118  97.520661
7        40.344828  60.344828
8        32.758621  37.931034
9              0.0        0.0
Overall  59.121831  83.611626
   3  4    5    6    7   8  9
3  0  0    0    6    0   0  0
4  0  7    4   42    1   0  0
5  0  5  184  285    6   1  0
6  0  1   57  629   34   5  0
7  0  0   14  157  117   2  0
8  0  0    1   27   11  19  0
9  0  0    0    2    0   0  0
================================
All but majority
================================
Counter({6: 1472, 5: 976, 7: 590, 8: 117, 4: 109, 3: 14, 9: 3})Counter({7: 1472, 5: 1472, 6: 1472, 4: 1472, 8: 1472, 3: 1472, 9: 1472})
         T=0.5 (%)  T=1.0 (%)
3              0.0        0.0
4        14.814815   20.37037
5        52.182952   90.43659
6        71.625344  95.454545
7         41.37931  55.862069
8        37.931034  43.103448
9              0.0        0.0
Overall  56.957328  82.003711
   3   4    5    6    7   8  9
3  0   0    3    3    0   0  0
4  1   8   18   26    1   0  0
5  0  15  251  203   12   0  0
6  0   3  156  520   38   8  1
7  0   1   30  134  120   5  0
8  0   0    2   23   11  22  0
9  0   0    1    1    0   0  0